      MDL_CABI = 0.227736
      AEWM1 = 127.9
      MDL_GF = 1.16637D-05
      AS = 0.1184
      MDL_YMDO = 0.00504
      MDL_YMUP = 0.00255
      MDL_YMS = 0.101
      MDL_YMC = 1.27
      MDL_YMB = 4.7
      MDL_YMT = 172.0
      MDL_YME = 0.000511
      MDL_YMM = 0.10566
      MDL_YMTAU = 1.777
      MDL_GZ = 1.6
      MDL_ME = 0.000511
      MDL_MM = 0.10566
      MDL_MTA = 1.777
      MDL_MU = 0.00255
      MDL_MC = 1.27
      MDL_MT = 172.0
      MDL_MD = 0.00504
      MDL_MS = 0.101
      MDL_MB = 4.7
      MDL_MZ = 91.1876
      MDL_MZPH = 4000.0
      MDL_MZPL = 300.0
      MDL_MH = 120.0
      MDL_WT = 1.508336
      MDL_WZ = 2.4952
      MDL_WW = 2.085
      MDL_WH = 0.005753088
